0.10000000000000001 1
0.20000000000000001 1
0.30000000000000004 1
0.40000000000000002 1
0.5 1
0.59999999999999998 1
0.69999999999999996 1
0.79999999999999993 1
0.89999999999999991 1
0.99999999999999989 1
1.0999999999999999 1
1.2 1
1.3 1
1.4000000000000001 1
1.5000000000000002 1
1.6000000000000003 1
1.7000000000000004 2
1.8000000000000005 2
1.9000000000000006 2
2.0000000000000004 2
2.1000000000000005 2
2.2000000000000006 2
2.3000000000000007 2
2.4000000000000008 3
2.5000000000000009 3
2.600000000000001 3
2.7000000000000011 3
2.8000000000000012 3
2.9000000000000012 3
3.0000000000000013 3
3.1000000000000014 4
3.2000000000000015 5
3.3000000000000016 5
3.4000000000000017 5
3.5000000000000018 5
3.6000000000000019 5
3.700000000000002 5
3.800000000000002 6
3.9000000000000021 7
4.0000000000000018 7
4.1000000000000014 8
4.2000000000000011 8
4.3000000000000007 8
4.4000000000000004 8
4.5 9
4.5999999999999996 10
4.6999999999999993 11
4.7999999999999989 12
4.8999999999999986 12
4.9999999999999982 12
5.0999999999999979 12
5.1999999999999975 12
5.2999999999999972 14
5.3999999999999968 16
5.4999999999999964 18
5.5999999999999961 18
5.6999999999999957 18
5.7999999999999954 18
5.899999999999995 18
5.9999999999999947 20
6.0999999999999943 20.0999
6.199999999999994 20.1496
6.2999999999999936 20.2488
6.3999999999999932 20.3474
6.4999999999999929 20.3474
6.5999999999999925 20.3474
6.6999999999999922 20.4456
6.7999999999999918 20.4945
6.8999999999999915 20.592
6.9999999999999911 20.689
7.0999999999999908 20.7855
7.1999999999999904 20.8336
7.2999999999999901 20.8336
7.3999999999999897 20.8816
7.4999999999999893 20.9773
7.599999999999989 21.0725
7.6999999999999886 21.1674
7.7999999999999883 21.2617
7.8999999999999879 21.3088
7.9999999999999876 21.3088
8.0999999999999872 21.3557
8.1999999999999869 21.4492
8.2999999999999865 21.5424
8.3999999999999861 21.5888
8.4999999999999858 21.6813
8.5999999999999854 21.7735
8.6999999999999851 21.7735
8.7999999999999847 21.8194
8.8999999999999844 21.911
8.999999999999984 21.9566
9.0999999999999837 22.0476
9.1999999999999833 22.1382
9.2999999999999829 22.2285
9.3999999999999826 22.2285
9.4999999999999822 22.2735
9.5999999999999819 22.3184
9.6999999999999815 22.4079
9.7999999999999812 22.4971
9.8999999999999808 22.5859
9.9999999999999805 22.6743
10.09999999999998 22.6743
10.19999999999998 22.6743
10.299999999999979 22.7625
10.399999999999979 22.8502
10.499999999999979 22.9377
10.599999999999978 23.0248
10.699999999999978 23.0682
10.799999999999978 23.1116
10.899999999999977 23.1116
10.999999999999977 23.198
11.099999999999977 23.2842
11.199999999999976 23.3271
11.299999999999976 23.4128
11.399999999999975 23.4981
11.499999999999975 23.5407
11.599999999999975 23.5407
11.699999999999974 23.6256
11.799999999999974 23.6679
11.899999999999974 23.7523
11.999999999999973 23.8364
12.099999999999973 23.9203
12.199999999999973 23.9621
12.299999999999972 23.9621
12.399999999999972 24.0038
12.499999999999972 24.0871
12.599999999999971 24.17
12.699999999999971 24.2527
12.799999999999971 24.2939
12.89999999999997 24.3762
12.99999999999997 24.3762
13.099999999999969 24.4172
13.199999999999969 24.499
13.299999999999969 24.5806
13.399999999999968 24.6213
13.499999999999968 24.7025
13.599999999999968 24.7834
13.699999999999967 24.7834
13.799999999999967 24.8237
13.899999999999967 24.864
13.999999999999966 24.9444
14.099999999999966 25.0245
14.199999999999966 25.1043
14.299999999999965 25.1839
14.399999999999965 25.1839
14.499999999999964 25.2236
14.599999999999964 25.2633
14.699999999999964 25.3424
14.799999999999963 25.4213
14.899999999999963 25.4999
14.999999999999963 25.5391
15.099999999999962 25.5782
15.199999999999962 25.5782
15.299999999999962 25.6564
15.399999999999961 25.7343
15.499999999999961 25.8119
15.599999999999961 25.8507
15.69999999999996 25.928
15.79999999999996 25.9665
15.899999999999959 25.9665
15.999999999999959 26.0435
16.099999999999959 26.1202
16.19999999999996 26.1585
16.299999999999962 26.2349
16.399999999999963 26.3111
16.499999999999964 26.3491
16.599999999999966 26.3491
16.699999999999967 26.425
16.799999999999969 26.4628
16.89999999999997 26.5383
16.999999999999972 26.6136
17.099999999999973 26.6887
17.199999999999974 26.7262
17.299999999999976 26.7262
17.399999999999977 26.7636
17.499999999999979 26.8383
17.59999999999998 26.9128
17.699999999999982 26.987
17.799999999999983 27.0241
17.899999999999984 27.098
17.999999999999986 27.098
18.099999999999987 27.1349
18.199999999999989 27.2086
18.29999999999999 27.2821
18.399999999999991 27.3187
18.499999999999993 27.3919
18.599999999999994 27.4648
18.699999999999996 27.4648
18.799999999999997 27.5013
18.899999999999999 27.5739
19 27.6102
19.100000000000001 27.6826
19.200000000000003 27.7548
19.300000000000004 27.8268
19.400000000000006 27.8268
19.500000000000007 27.8627
19.600000000000009 27.8986
19.70000000000001 27.9703
19.800000000000011 28.0417
19.900000000000013 28.0774
20.000000000000014 28.1486
20.100000000000016 28.1841
20.200000000000017 28.1841
20.300000000000018 28.255
20.40000000000002 28.3258
20.500000000000021 28.3963
20.600000000000023 28.4315
20.700000000000024 28.5018
20.800000000000026 28.5369
20.900000000000027 28.5369
21.000000000000028 28.607
21.10000000000003 28.6419
21.200000000000031 28.7117
21.300000000000033 28.7813
21.400000000000034 28.8508
21.500000000000036 28.8854
21.600000000000037 28.8854
21.700000000000038 28.9546
21.80000000000004 28.9892
21.900000000000041 29.0581
22.000000000000043 29.1269
22.100000000000044 29.1955
22.200000000000045 29.2298
22.300000000000047 29.2298
22.400000000000048 29.264
22.50000000000005 29.3323
22.600000000000051 29.4004
22.700000000000053 29.4684
22.800000000000054 29.5024
22.900000000000055 29.5701
23.000000000000057 29.5701
23.100000000000058 29.6039
23.20000000000006 29.6714
23.300000000000061 29.7388
23.400000000000063 29.7724
23.500000000000064 29.8396
23.600000000000065 29.9066
23.700000000000067 29.9066
23.800000000000068 29.94
23.90000000000007 30.0068
24.000000000000071 30.0401
24.100000000000072 30.1066
24.200000000000074 30.173
24.300000000000075 30.2393
24.400000000000077 30.2393
24.500000000000078 30.2723
24.60000000000008 30.3054
24.700000000000081 30.3713
24.800000000000082 30.4372
24.900000000000084 30.5028
25.000000000000085 30.5356
25.100000000000087 30.5684
25.200000000000088 30.5684
25.30000000000009 30.6338
25.400000000000091 30.699
25.500000000000092 30.7641
25.600000000000094 30.7966
25.700000000000095 30.8615
25.800000000000097 30.8939
25.900000000000098 30.8939
26.000000000000099 30.9586
26.100000000000101 31.0232
26.200000000000102 31.0554
26.300000000000104 31.1198
26.400000000000105 31.184
26.500000000000107 31.2161
26.600000000000108 31.2161
26.700000000000109 31.2801
26.800000000000111 31.3121
26.900000000000112 31.376
27.000000000000114 31.4397
27.100000000000115 31.4715
27.200000000000117 31.535
27.300000000000118 31.535
27.400000000000119 31.5984
27.500000000000121 31.63
27.600000000000122 31.6932
27.700000000000124 31.7563
27.800000000000125 31.7878
27.900000000000126 31.8507
28.000000000000128 31.8507
28.100000000000129 31.8821
28.200000000000131 31.9448
28.300000000000132 31.9761
28.400000000000134 32.0386
28.500000000000135 32.101
28.600000000000136 32.1633
28.700000000000138 32.1633
28.800000000000139 32.1944
28.900000000000141 32.2564
29.000000000000142 32.2874
29.100000000000144 32.3494
29.200000000000145 32.4112
29.300000000000146 32.4728
29.400000000000148 32.4728
29.500000000000149 32.5036
29.600000000000151 32.5344
29.700000000000152 32.5958
29.800000000000153 32.6572
29.900000000000155 32.7184
30.000000000000156 32.7489
30.100000000000158 32.7795
30.200000000000159 32.7795
30.300000000000161 32.8405
30.400000000000162 32.9013
30.500000000000163 32.9621
30.600000000000165 32.9924
30.700000000000166 33.053
30.800000000000168 33.0833
30.900000000000169 33.0833
31.000000000000171 33.1437
31.100000000000172 33.204
31.200000000000173 33.2341
31.300000000000175 33.2943
31.400000000000176 33.3543
31.500000000000178 33.3843
31.600000000000179 33.3843
31.70000000000018 33.4442
31.800000000000182 33.4741
31.900000000000183 33.5338
32.000000000000185 33.5934
32.100000000000186 33.6529
32.200000000000188 33.6827
32.300000000000189 33.6827
32.40000000000019 33.7123
32.500000000000192 33.7716
32.600000000000193 33.8308
32.700000000000195 33.8899
32.800000000000196 33.9194
32.900000000000198 33.9784
33.000000000000199 33.9784
33.1000000000002 34.0078
33.200000000000202 34.0666
33.300000000000203 34.1253
33.400000000000205 34.1546
33.500000000000206 34.2131
33.600000000000207 34.2715
33.700000000000209 34.2715
33.80000000000021 34.3007
33.900000000000212 34.359
34.000000000000213 34.3881
34.100000000000215 34.4462
34.200000000000216 34.5043
34.300000000000217 34.5333
34.400000000000219 34.5622
34.50000000000022 34.5912
34.600000000000222 34.6201
34.700000000000223 34.6778
34.800000000000225 34.7355
34.900000000000226 34.793
35.000000000000227 34.8218
35.100000000000229 34.8505
35.20000000000023 34.8505
35.300000000000232 34.9078
35.400000000000233 34.9651
35.500000000000234 34.9937
35.600000000000236 35.0508
35.700000000000237 35.1079
35.800000000000239 35.1364
35.90000000000024 35.1364
36.000000000000242 35.1933
36.100000000000243 35.2501
36.200000000000244 35.2784
36.300000000000246 35.3351
36.400000000000247 35.3917
36.500000000000249 35.4199
36.60000000000025 35.4199
36.700000000000252 35.4764
36.800000000000253 35.5046
36.900000000000254 35.5609
37.000000000000256 35.6171
37.100000000000257 35.6732
37.200000000000259 35.7013
37.30000000000026 35.7013
37.400000000000261 35.7293
37.500000000000263 35.7852
37.600000000000264 35.8411
37.700000000000266 35.8969
37.800000000000267 35.9247
37.900000000000269 35.9804
38.00000000000027 35.9804
38.100000000000271 36.0082
38.200000000000273 36.0637
38.300000000000274 36.1191
38.400000000000276 36.1468
38.500000000000277 36.2021
38.600000000000279 36.2573
38.70000000000028 36.2573
38.800000000000281 36.2849
38.900000000000283 36.34
39.000000000000284 36.3675
39.100000000000286 36.4225
39.200000000000287 36.4774
39.300000000000288 36.5322
39.40000000000029 36.5322
39.500000000000291 36.5596
39.600000000000293 36.5869
39.700000000000294 36.6416
39.800000000000296 36.6961
39.900000000000297 36.7506
40.000000000000298 36.7778
40.1000000000003 36.805
40.200000000000301 36.805
40.300000000000303 36.8594
40.400000000000304 36.9136
40.500000000000306 36.9678
40.600000000000307 36.9948
40.700000000000308 37.0488
40.80000000000031 37.0758
40.900000000000311 37.0758
41.000000000000313 37.1298
41.100000000000314 37.1836
41.200000000000315 37.2105
41.300000000000317 37.2642
41.400000000000318 37.3179
41.50000000000032 37.3447
41.600000000000321 37.3447
41.700000000000323 37.3982
41.800000000000324 37.425
41.900000000000325 37.4784
42.000000000000327 37.5317
42.100000000000328 37.585
42.20000000000033 37.6116
42.300000000000331 37.6116
42.400000000000333 37.6382
42.500000000000334 37.6913
42.600000000000335 37.7443
42.700000000000337 37.7708
42.800000000000338 37.8238
42.90000000000034 37.8766
43.000000000000341 37.8766
43.100000000000342 37.903
43.200000000000344 37.9558
43.300000000000345 38.0085
43.400000000000347 38.0348
43.500000000000348 38.0873
43.60000000000035 38.1398
43.700000000000351 38.1398
43.800000000000352 38.166
43.900000000000354 38.2184
44.000000000000355 38.2446
44.100000000000357 38.2969
44.200000000000358 38.3491
44.30000000000036 38.4012
44.400000000000361 38.4012
44.500000000000362 38.4272
44.600000000000364 38.4533
44.700000000000365 38.5053
44.800000000000367 38.5572
44.900000000000368 38.609
45.000000000000369 38.6349
45.100000000000371 38.6608
45.200000000000372 38.6608
45.300000000000374 38.7125
45.400000000000375 38.7642
45.500000000000377 38.8158
45.600000000000378 38.8415
45.700000000000379 38.893
45.800000000000381 38.9187
45.900000000000382 38.9187
46.000000000000384 38.9701
46.100000000000385 39.0214
46.200000000000387 39.047
46.300000000000388 39.0982
46.400000000000389 39.1494
46.500000000000391 39.1749
46.600000000000392 39.1749
46.700000000000394 39.2259
46.800000000000395 39.2514
46.900000000000396 39.3024
47.000000000000398 39.3532
47.100000000000399 39.404
47.200000000000401 39.4294
47.300000000000402 39.4294
47.400000000000404 39.4548
47.500000000000405 39.5055
47.600000000000406 39.5561
47.700000000000408 39.6066
47.800000000000409 39.6319
47.900000000000411 39.6823
48.000000000000412 39.6823
48.100000000000414 39.7075
48.200000000000415 39.7579
48.300000000000416 39.8082
48.400000000000418 39.8333
48.500000000000419 39.8835
48.600000000000421 39.9336
48.700000000000422 39.9336
48.800000000000423 39.9586
48.900000000000425 40.0087
49.000000000000426 40.0337
49.100000000000428 40.0836
49.200000000000429 40.1335
49.300000000000431 40.1833
49.400000000000432 40.1833
49.500000000000433 40.2082
49.600000000000435 40.2331
49.700000000000436 40.2828
49.800000000000438 40.3324
49.900000000000439 40.3572
50.000000000000441 40.4067
50.100000000000442 40.4315
50.200000000000443 40.4562
50.300000000000445 40.4809
50.400000000000446 40.5303
50.500000000000448 40.5797
50.600000000000449 40.6043
50.70000000000045 40.6535
50.800000000000452 40.6781
50.900000000000453 40.6781
51.000000000000455 40.7273
51.100000000000456 40.7764
51.200000000000458 40.8009
51.300000000000459 40.8499
51.40000000000046 40.8988
51.500000000000462 40.9233
51.600000000000463 40.9233
51.700000000000465 40.9722
51.800000000000466 40.9966
51.900000000000468 41.0453
52.000000000000469 41.094
52.10000000000047 41.1427
52.200000000000472 41.167
52.300000000000473 41.167
52.400000000000475 41.1913
52.500000000000476 41.2398
52.600000000000477 41.2883
52.700000000000479 41.3367
52.80000000000048 41.3609
52.900000000000482 41.4093
53.000000000000483 41.4093
53.100000000000485 41.4334
53.200000000000486 41.4817
53.300000000000487 41.5299
53.400000000000489 41.554
53.50000000000049 41.6021
53.600000000000492 41.6501
53.700000000000493 41.6501
53.800000000000495 41.6741
53.900000000000496 41.7221
54.000000000000497 41.7461
54.100000000000499 41.794
54.2000000000005 41.8418
54.300000000000502 41.8896
54.400000000000503 41.8896
54.500000000000504 41.9135
54.600000000000506 41.9373
54.700000000000507 41.985
54.800000000000509 42.0326
54.90000000000051 42.0802
55.000000000000512 42.104
55.100000000000513 42.1277
55.200000000000514 42.1515
55.300000000000516 42.1752
55.400000000000517 42.2226
55.500000000000519 42.27
55.60000000000052 42.2936
55.700000000000522 42.3409
55.800000000000523 42.3645
55.900000000000524 42.3645
56.000000000000526 42.4117
56.100000000000527 42.4588
56.200000000000529 42.4824
56.30000000000053 42.5295
56.400000000000531 42.5765
56.500000000000533 42.6
56.600000000000534 42.6
56.700000000000536 42.6469
56.800000000000537 42.6703
56.900000000000539 42.7172
57.00000000000054 42.764
57.100000000000541 42.7874
57.200000000000543 42.8341
57.300000000000544 42.8341
57.400000000000546 42.8808
57.500000000000547 42.9041
57.600000000000549 42.9507
57.70000000000055 42.9973
57.800000000000551 43.0205
57.900000000000553 43.067
58.000000000000554 43.067
58.100000000000556 43.0902
58.200000000000557 43.1366
58.300000000000558 43.183
58.40000000000056 43.2061
58.500000000000561 43.2524
58.600000000000563 43.2986
58.700000000000564 43.2986
58.800000000000566 43.3217
58.900000000000567 43.3679
59.000000000000568 43.391
59.10000000000057 43.437
59.200000000000571 43.4831
59.300000000000573 43.529
59.400000000000574 43.529
59.500000000000576 43.552
59.600000000000577 43.575
59.700000000000578 43.6209
59.80000000000058 43.6667
59.900000000000581 43.7125
60.000000000000583 43.7354
60.100000000000584 43.7582
60.200000000000585 43.7582
60.300000000000587 43.8039
60.400000000000588 43.8496
60.50000000000059 43.8952
60.600000000000591 43.918
60.700000000000593 43.9635
60.800000000000594 43.9862
60.900000000000595 43.9862
61.000000000000597 44.0317
61.100000000000598 44.0771
61.2000000000006 44.0998
61.300000000000601 44.1451
61.400000000000603 44.1904
61.500000000000604 44.213
61.600000000000605 44.213
61.700000000000607 44.2583
61.800000000000608 44.2809
61.90000000000061 44.326
62.000000000000611 44.3711
62.100000000000612 44.4162
62.200000000000614 44.4387
62.300000000000615 44.4387
62.400000000000617 44.4612
62.500000000000618 44.5062
62.60000000000062 44.5511
62.700000000000621 44.596
62.800000000000622 44.6184
62.900000000000624 44.6632
63.000000000000625 44.6632
63.100000000000627 44.6856
63.200000000000628 44.7304
63.30000000000063 44.7751
63.400000000000631 44.7974
63.500000000000632 44.842
63.600000000000634 44.8866
63.700000000000635 44.8866
63.800000000000637 44.9089
63.900000000000638 44.9534
64.000000000000639 44.9757
64.100000000000634 45.0201
64.200000000000628 45.0645
64.300000000000622 45.0867
64.400000000000617 45.1089
64.500000000000611 45.1311
64.600000000000605 45.1532
64.7000000000006 45.1975
64.800000000000594 45.2418
64.900000000000588 45.286
65.000000000000583 45.308
65.100000000000577 45.3301
65.200000000000571 45.3301
65.300000000000566 45.3742
65.40000000000056 45.4183
65.500000000000554 45.4623
65.600000000000549 45.4843
65.700000000000543 45.5283
65.800000000000537 45.5502
65.900000000000531 45.5502
66.000000000000526 45.5941
66.10000000000052 45.638
66.200000000000514 45.6599
66.300000000000509 45.7037
66.400000000000503 45.7474
66.500000000000497 45.7693
66.600000000000492 45.7693
66.700000000000486 45.813
66.80000000000048 45.8348
66.900000000000475 45.8784
67.000000000000469 45.922
67.100000000000463 45.9656
67.200000000000458 45.9873
67.300000000000452 45.9873
67.400000000000446 46.0091
67.500000000000441 46.0525
67.600000000000435 46.0959
67.700000000000429 46.1393
67.800000000000423 46.161
67.900000000000418 46.2043
68.000000000000412 46.2043
68.100000000000406 46.2259
68.200000000000401 46.2692
68.300000000000395 46.3124
68.400000000000389 46.334
68.500000000000384 46.3772
68.600000000000378 46.4203
68.700000000000372 46.4203
68.800000000000367 46.4418
68.900000000000361 46.4849
69.000000000000355 46.5064
69.10000000000035 46.5494
69.200000000000344 46.5923
69.300000000000338 46.6353
69.400000000000333 46.6353
69.500000000000327 46.6567
69.600000000000321 46.6781
69.700000000000315 46.721
69.80000000000031 46.7638
69.900000000000304 46.8065
70.000000000000298 46.8279
70.100000000000293 46.8492
70.200000000000287 46.8492
70.300000000000281 46.8919
70.400000000000276 46.9346
70.50000000000027 46.9772
70.600000000000264 46.9985
70.700000000000259 47.041
70.800000000000253 47.0623
70.900000000000247 47.0623
71.000000000000242 47.1047
71.100000000000236 47.1472
71.20000000000023 47.1684
71.300000000000225 47.2108
71.400000000000219 47.2532
71.500000000000213 47.2743
71.600000000000207 47.2743
71.700000000000202 47.3166
71.800000000000196 47.3377
71.90000000000019 47.38
72.000000000000185 47.4222
72.100000000000179 47.4644
72.200000000000173 47.4854
72.300000000000168 47.4854
72.400000000000162 47.5065
72.500000000000156 47.5486
72.600000000000151 47.5906
72.700000000000145 47.6326
72.800000000000139 47.6536
72.900000000000134 47.6956
73.000000000000128 47.6956
73.100000000000122 47.7166
73.200000000000117 47.7585
73.300000000000111 47.8003
73.400000000000105 47.8213
73.500000000000099 47.8631
73.600000000000094 47.9048
73.700000000000088 47.9048
73.800000000000082 47.9257
73.900000000000077 47.9674
74.000000000000071 47.9883
74.100000000000065 48.03
74.20000000000006 48.0716
74.300000000000054 48.1132
74.400000000000048 48.1132
74.500000000000043 48.134
74.600000000000037 48.1547
74.700000000000031 48.1963
74.800000000000026 48.2378
74.90000000000002 48.2792
75.000000000000014 48.2999
75.100000000000009 48.3206
75.200000000000003 48.3413
75.299999999999997 48.362
75.399999999999991 48.4034
75.499999999999986 48.4447
75.59999999999998 48.4653
75.699999999999974 48.5066
75.799999999999969 48.5272
75.899999999999963 48.5272
75.999999999999957 48.5684
76.099999999999952 48.6096
76.199999999999946 48.6301
76.29999999999994 48.6712
76.399999999999935 48.7123
76.499999999999929 48.7329
76.599999999999923 48.7329
76.699999999999918 48.7739
76.799999999999912 48.7944
76.899999999999906 48.8354
76.999999999999901 48.8763
77.099999999999895 48.9172
77.199999999999889 48.9377
77.299999999999883 48.9377
77.399999999999878 48.9581
77.499999999999872 48.9989
77.599999999999866 49.0398
77.699999999999861 49.0805
77.799999999999855 49.1009
77.899999999999849 49.1416
77.999999999999844 49.1416
78.099999999999838 49.162
78.199999999999832 49.2026
78.299999999999827 49.2433
78.399999999999821 49.2636
78.499999999999815 49.3042
78.59999999999981 49.3447
78.699999999999804 49.3447
78.799999999999798 49.365
78.899999999999793 49.4055
78.999999999999787 49.4258
79.099999999999781 49.4662
79.199999999999775 49.5066
79.29999999999977 49.547
79.399999999999764 49.547
79.499999999999758 49.5672
79.599999999999753 49.5874
79.699999999999747 49.6277
79.799999999999741 49.668
79.899999999999736 49.7083
79.99999999999973 49.7284
80.099999999999724 49.7485
80.199999999999719 49.7686
80.299999999999713 49.7887
80.399999999999707 49.8288
80.499999999999702 49.869
80.599999999999696 49.889
80.69999999999969 49.9291
80.799999999999685 49.9491
80.899999999999679 49.9491
80.999999999999673 49.9892
81.099999999999667 50.0292
81.199999999999662 50.0492
81.299999999999656 50.0891
81.39999999999965 50.129
81.499999999999645 50.149
81.599999999999639 50.149
81.699999999999633 50.1888
81.799999999999628 50.2088
81.899999999999622 50.2486
81.999999999999616 50.2884
82.099999999999611 50.3282
82.199999999999605 50.348
82.299999999999599 50.348
82.399999999999594 50.3877
82.499999999999588 50.4076
82.599999999999582 50.4473
82.699999999999577 50.4869
82.799999999999571 50.5067
82.899999999999565 50.5463
82.999999999999559 50.5463
83.099999999999554 50.5661
83.199999999999548 50.6056
83.299999999999542 50.6451
83.399999999999537 50.6649
83.499999999999531 50.7043
83.599999999999525 50.7438
83.69999999999952 50.7438
83.799999999999514 50.7635
83.899999999999508 50.8029
83.999999999999503 50.8226
84.099999999999497 50.8619
84.199999999999491 50.9012
84.299999999999486 50.9405
84.39999999999948 50.9405
84.499999999999474 50.9601
84.599999999999469 50.9798
84.699999999999463 51.019
84.799999999999457 51.0582
84.899999999999451 51.0973
84.999999999999446 51.1169
85.09999999999944 51.1365
85.199999999999434 51.156
85.299999999999429 51.1756
85.399999999999423 51.2147
85.499999999999417 51.2537
85.599999999999412 51.2732
85.699999999999406 51.3122
85.7999999999994 51.3317
85.899999999999395 51.3317
85.999999999999389 51.3707
86.099999999999383 51.4096
86.199999999999378 51.429
86.299999999999372 51.4679
86.399999999999366 51.5068
86.499999999999361 51.5262
86.599999999999355 51.5262
86.699999999999349 51.565
86.799999999999343 51.5844
86.899999999999338 51.6231
86.999999999999332 51.6619
87.099999999999326 51.7006
87.199999999999321 51.7199
87.299999999999315 51.7199
87.399999999999309 51.7586
87.499999999999304 51.7779
87.599999999999298 51.8165
87.699999999999292 51.8551
87.799999999999287 51.8744
87.899999999999281 51.9129
87.999999999999275 51.9129
88.09999999999927 51.9322
88.199999999999264 51.9707
88.299999999999258 52.0092
88.399999999999253 52.0284
88.499999999999247 52.0669
88.599999999999241 52.1053
88.699999999999235 52.1053
88.79999999999923 52.1245
88.899999999999224 52.1628
88.999999999999218 52.182
89.099999999999213 52.2203
89.199999999999207 52.2586
89.299999999999201 52.2969
89.399999999999196 52.2969
89.49999999999919 52.316
89.599999999999184 52.3351
89.699999999999179 52.3733
89.799999999999173 52.4115
89.899999999999167 52.4496
89.999999999999162 52.4687
90.099999999999156 52.4878
90.19999999999915 52.4878
90.299999999999145 52.5259
90.399999999999139 52.5639
90.499999999999133 52.602
90.599999999999127 52.621
90.699999999999122 52.659
90.799999999999116 52.678
90.89999999999911 52.678
90.999999999999105 52.7159
91.099999999999099 52.7539
91.199999999999093 52.7728
91.299999999999088 52.8107
91.399999999999082 52.8486
91.499999999999076 52.8675
91.599999999999071 52.8675
91.699999999999065 52.9053
91.799999999999059 52.9242
91.899999999999054 52.962
91.999999999999048 52.9998
92.099999999999042 53.0375
92.199999999999037 53.0563
92.299999999999031 53.0563
92.399999999999025 53.0752
92.499999999999019 53.1129
92.599999999999014 53.1505
92.699999999999008 53.1881
92.799999999999002 53.2069
92.899999999998997 53.2445
92.999999999998991 53.2445
93.099999999998985 53.2633
93.19999999999898 53.3009
93.299999999998974 53.3384
93.399999999998968 53.3571
93.499999999998963 53.3946
93.599999999998957 53.432
93.699999999998951 53.432
93.799999999998946 53.4508
93.89999999999894 53.4882
93.999999999998934 53.5069
94.099999999998929 53.5442
94.199999999998923 53.5816
94.299999999998917 53.6189
94.399999999998911 53.6189
94.499999999998906 53.6376
94.5999999999989 53.6562
94.699999999998894 53.6935
94.799999999998889 53.7307
94.899999999998883 53.7679
94.999999999998877 53.7865
95.099999999998872 53.8051
95.199999999998866 53.8051
95.29999999999886 53.8423
95.399999999998855 53.8794
95.499999999998849 53.9165
95.599999999998843 53.9351
95.699999999998838 53.9722
95.799999999998832 53.9907
95.899999999998826 53.9907
95.99999999999882 54.0277
96.099999999998815 54.0647
96.199999999998809 54.0832
96.299999999998803 54.1202
96.399999999998798 54.1571
96.499999999998792 54.1756
96.599999999998786 54.1756
96.699999999998781 54.2125
96.799999999998775 54.231
96.899999999998769 54.2678
96.999999999998764 54.3047
97.099999999998758 54.3415
97.199999999998752 54.3599
97.299999999998747 54.3599
97.399999999998741 54.3783
97.499999999998735 54.4151
97.59999999999873 54.4518
97.699999999998724 54.4886
97.799999999998718 54.5069
97.899999999998712 54.5436
97.999999999998707 54.5436
98.099999999998701 54.5619
98.199999999998695 54.5986
98.29999999999869 54.6352
98.399999999998684 54.6535
98.499999999998678 54.6901
98.599999999998673 54.7267
98.699999999998667 54.7267
98.799999999998661 54.7449
98.899999999998656 54.7815
98.99999999999865 54.7997
99.099999999998644 54.8362
99.199999999998639 54.8727
99.299999999998633 54.9091
99.399999999998627 54.9091
99.499999999998622 54.9273
99.599999999998616 54.9455
99.69999999999861 54.9819
99.799999999998604 55.0183
99.899999999998599 55.0546
99.999999999998593 55.0728
100.09999999999859 55.091
100.19999999999858 55.091
100.29999999999858 55.1273
100.39999999999857 55.1635
100.49999999999856 55.1998
100.59999999999856 55.2179
100.69999999999855 55.2541
100.79999999999855 55.2722
100.89999999999854 55.2722
100.99999999999854 55.3084
101.09999999999853 55.3445
101.19999999999852 55.3626
101.29999999999852 55.3987
101.39999999999851 55.4348
101.49999999999851 55.4529
101.5999999999985 55.4529
101.6999999999985 55.4889
101.79999999999849 55.5069
101.89999999999849 55.543
101.99999999999848 55.579
102.09999999999847 55.615
102.19999999999847 55.6329
102.29999999999846 55.6329
102.39999999999846 55.6509
102.49999999999845 55.6868
102.59999999999845 55.7228
102.69999999999844 55.7586
102.79999999999843 55.7766
102.89999999999843 55.8124
102.99999999999842 55.8124
103.09999999999842 55.8303
103.19999999999841 55.8662
103.29999999999841 55.902
103.3999999999984 55.9198
103.49999999999839 55.9556
103.59999999999839 55.9913
103.69999999999838 55.9913
103.79999999999838 56.0092
103.89999999999837 56.0449
103.99999999999837 56.0627
104.09999999999836 56.0984
104.19999999999835 56.1341
104.29999999999835 56.1697
104.39999999999834 56.1697
104.49999999999834 56.1875
104.59999999999833 56.2053
104.69999999999833 56.2409
104.79999999999832 56.2764
104.89999999999831 56.312
104.99999999999831 56.3297
105.0999999999983 56.3475
105.1999999999983 56.3475
105.29999999999829 56.3829
105.39999999999829 56.4184
105.49999999999828 56.4539
105.59999999999827 56.4716
105.69999999999827 56.507
105.79999999999826 56.5247
105.89999999999826 56.5247
105.99999999999825 56.5601
106.09999999999825 56.5954
106.19999999999824 56.6131
106.29999999999824 56.6484
106.39999999999823 56.6837
106.49999999999822 56.7013
106.59999999999822 56.7013
106.69999999999821 56.7366
106.79999999999821 56.7542
106.8999999999982 56.7895
106.9999999999982 56.8247
107.09999999999819 56.8599
107.19999999999818 56.8775
107.29999999999818 56.8775
107.39999999999817 56.895
107.49999999999817 56.9302
107.59999999999816 56.9653
107.69999999999816 57.0004
107.79999999999815 57.018
107.89999999999814 57.053
107.99999999999814 57.053
108.09999999999813 57.0706
108.19999999999813 57.1056
108.29999999999812 57.1406
108.39999999999812 57.1581
108.49999999999811 57.1931
108.5999999999981 57.2281
108.6999999999981 57.2281
108.79999999999809 57.2455
108.89999999999809 57.2805
108.99999999999808 57.2979
109.09999999999808 57.3328
109.19999999999807 57.3677
109.29999999999806 57.4026
109.39999999999806 57.4026
109.49999999999805 57.42
109.59999999999805 57.4374
109.69999999999804 57.4722
109.79999999999804 57.507
109.89999999999803 57.5418
109.99999999999802 57.5592
110.09999999999802 57.5765
110.19999999999801 57.5939
110.29999999999801 57.6113
110.399999999998 57.646
110.499999999998 57.6807
110.59999999999799 57.698
110.69999999999798 57.7327
110.79999999999798 57.75
110.89999999999797 57.75
110.99999999999797 57.7846
111.09999999999796 57.8192
111.19999999999796 57.8365
111.29999999999795 57.8711
111.39999999999795 57.9056
111.49999999999794 57.9229
111.59999999999793 57.9229
111.69999999999793 57.9574
111.79999999999792 57.9747
111.89999999999792 58.0092
111.99999999999791 58.0437
112.09999999999791 58.0781
112.1999999999979 58.0953
112.29999999999789 58.0953
112.39999999999789 58.1125
112.49999999999788 58.1469
112.59999999999788 58.1813
112.69999999999787 58.2157
112.79999999999787 58.2329
112.89999999999786 58.2672
112.99999999999785 58.2672
113.09999999999785 58.2844
113.19999999999784 58.3187
113.29999999999784 58.353
113.39999999999783 58.3701
113.49999999999783 58.4044
113.59999999999782 58.4386
113.69999999999781 58.4386
113.79999999999781 58.4557
113.8999999999978 58.4899
113.9999999999978 58.507
114.09999999999779 58.5412
114.19999999999779 58.5754
114.29999999999778 58.6095
114.39999999999777 58.6095
114.49999999999777 58.6266
114.59999999999776 58.6436
114.69999999999776 58.6777
114.79999999999775 58.7118
114.89999999999775 58.7459
114.99999999999774 58.7629
115.09999999999773 58.7799
115.19999999999773 58.7969
115.29999999999772 58.8139
115.39999999999772 58.8479
115.49999999999771 58.8819
115.59999999999771 58.8989
115.6999999999977 58.9329
115.79999999999769 58.9498
115.89999999999769 58.9498
115.99999999999768 58.9837
116.09999999999768 59.0176
116.19999999999767 59.0346
116.29999999999767 59.0685
116.39999999999766 59.1023
116.49999999999766 59.1192
116.59999999999765 59.1192
116.69999999999764 59.1531
116.79999999999764 59.17
116.89999999999763 59.2038
116.99999999999763 59.2375
117.09999999999762 59.2713
117.19999999999762 59.2882
117.29999999999761 59.2882
117.3999999999976 59.3219
117.4999999999976 59.3388
117.59999999999759 59.3725
117.69999999999759 59.4061
117.79999999999758 59.423
117.89999999999758 59.4566
117.99999999999757 59.4566
118.09999999999756 59.4734
118.19999999999756 59.5071
118.29999999999755 59.5407
118.39999999999755 59.5575
118.49999999999754 59.591
118.59999999999754 59.6246
118.69999999999753 59.6246
118.79999999999752 59.6414
118.89999999999752 59.6749
118.99999999999751 59.6917
119.09999999999751 59.7252
119.1999999999975 59.7586
119.2999999999975 59.7921
119.39999999999749 59.7921
119.49999999999748 59.8088
119.59999999999748 59.8255
119.69999999999747 59.859
119.79999999999747 59.8924
119.89999999999746 59.9258
119.99999999999746 59.9425
120.09999999999745 59.9591
120.19999999999744 59.9591
120.29999999999744 59.9925
120.39999999999743 60.0258
120.49999999999743 60.0591
120.59999999999742 60.0758
120.69999999999742 60.1091
120.79999999999741 60.1257
120.89999999999741 60.1257
120.9999999999974 60.159
121.09999999999739 60.1922
121.19999999999739 60.2088
121.29999999999738 60.242
121.39999999999738 60.2752
121.49999999999737 60.2918
121.59999999999737 60.2918
121.69999999999736 60.325
121.79999999999735 60.3416
121.89999999999735 60.3747
121.99999999999734 60.4078
122.09999999999734 60.4409
122.19999999999733 60.4575
122.29999999999733 60.4575
122.39999999999732 60.474
122.49999999999731 60.5071
122.59999999999731 60.5401
122.6999999999973 60.5732
122.7999999999973 60.5897
122.89999999999729 60.6227
122.99999999999729 60.6227
123.09999999999728 60.6392
123.19999999999727 60.6722
123.29999999999727 60.7051
123.39999999999726 60.7216
123.49999999999726 60.7545
123.59999999999725 60.7874
123.69999999999725 60.7874
123.79999999999724 60.8039
123.89999999999723 60.8368
123.99999999999723 60.8532
124.09999999999722 60.8861
124.19999999999722 60.9189
124.29999999999721 60.9517
124.39999999999721 60.9517
124.4999999999972 60.9681
124.59999999999719 60.9846
124.69999999999719 61.0173
124.79999999999718 61.0501
124.89999999999718 61.0829
124.99999999999717 61.0992
